5 0.6787762906309751 0.6775750979501474
2 0.6701720841300192 0.664756370083815
13 0.6787762906309751 0.6775750979501474
7 0.6787762906309751 0.6775750979501474
10 0.6787762906309751 0.6775750979501474
6 0.6787762906309751 0.6775750979501474
1 0.6577437858508605 0.6580942017495066
0 0.5449330783938815 0.38442061223330753
9 0.6787762906309751 0.6775750979501474
11 0.6787762906309751 0.6775750979501474
3 0.6701720841300192 0.664756370083815
4 0.6797323135755258 0.6785815971718704
12 0.6787762906309751 0.6775750979501474
8 0.6787762906309751 0.6775750979501474
