3 0.6797323135755258 0.6785815971718704
1 0.6701720841300192 0.664756370083815
7 0.6787762906309751 0.6775750979501474
9 0.6787762906309751 0.6775750979501474
13 0.6787762906309751 0.6775750979501474
8 0.6787762906309751 0.6775750979501474
2 0.6797323135755258 0.6785815971718704
5 0.6787762906309751 0.6775750979501474
12 0.6787762906309751 0.6775750979501474
10 0.6787762906309751 0.6775750979501474
6 0.6787762906309751 0.6775750979501474
11 0.6787762906309751 0.6775750979501474
4 0.6787762906309751 0.6775750979501474
0 0.5449330783938815 0.38442061223330753
